1 3001 Sajid 01912343000 272.30 27.23 12.25 257.32 2026-08-22
2 3001 Sajid 01912343000 168.40 16.84 7.58 159.14 2026-08-24
3 3001 Sajid 01912343000 22.50 2.25 1.01 21.26 2026-07-22
4 3001 Sajid 01912343000 509.70 50.97 22.94 481.67 2026-08-01
5 3001 Sajid 01912343000 133.70 13.37 6.02 126.35 2026-07-27
6 3001 Sajid 01912343000 196.20 19.62 8.83 185.41 2026-08-27
7 3001 Sajid 01912343000 196.10 19.61 8.82 185.31 2026-08-08
8 3001 Sajid 01912343000 154.30 15.43 6.94 145.81 2026-07-05
9 3002 Liza 01912343001 82.50 8.25 3.71 77.96 2026-08-11
10 3002 Liza 01912343001 154.10 15.41 6.93 145.62 2026-07-28
11 3002 Liza 01912343001 312.90 31.29 14.08 295.69 2026-07-14
12 3002 Liza 01912343001 125.90 12.59 5.67 118.98 2026-08-26
13 3002 Liza 01912343001 39.40 3.94 1.77 37.23 2026-08-08
14 3002 Liza 01912343001 192.00 19.20 8.64 181.44 2026-07-23
15 3002 Liza 01912343001 63.70 6.37 2.87 60.20 2026-07-26
16 3003 Robin 01912343002 115.90 11.59 5.22 109.53 2026-07-19
17 3003 Robin 01912343002 98.40 9.84 4.43 92.99 2026-07-10
18 3003 Robin 01912343002 156.20 15.62 7.03 147.61 2026-07-28
19 3003 Robin 01912343002 96.00 9.60 4.32 90.72 2026-08-21
20 3003 Robin 01912343002 66.20 6.62 2.98 62.56 2026-08-01
21 3003 Robin 01912343002 101.50 10.15 4.57 95.92 2026-08-08
22 3003 Robin 01912343002 403.30 40.33 18.15 381.12 2026-07-07
23 3003 Robin 01912343002 17.10 1.71 0.77 16.16 2026-08-18
24 3004 Nipa 01912343003 170.30 17.03 7.66 160.93 2026-08-02
25 3004 Nipa 01912343003 244.20 24.42 10.99 230.77 2026-08-24
26 3004 Nipa 01912343003 268.90 26.89 12.10 254.11 2026-08-08
27 3004 Nipa 01912343003 138.70 13.87 6.24 131.07 2026-08-28
28 3004 Nipa 01912343003 120.70 12.07 5.43 114.06 2026-07-10
29 3004 Nipa 01912343003 7.00 0.70 0.31 6.62 2026-08-22
30 3004 Nipa 01912343003 233.50 23.35 10.51 220.66 2026-07-28
31 3004 Nipa 01912343003 122.50 12.25 5.51 115.76 2026-07-22
32 3005 Arif 01912343004 123.00 12.30 5.53 116.24 2026-08-19
33 3005 Arif 01912343004 122.80 12.28 5.53 116.05 2026-07-22
34 3005 Arif 01912343004 135.50 13.55 6.10 128.05 2026-08-15
35 3005 Arif 01912343004 269.10 26.91 12.11 254.30 2026-08-25
36 3005 Arif 01912343004 131.80 13.18 5.93 124.55 2026-07-04
37 3005 Arif 01912343004 76.80 7.68 3.46 72.58 2026-08-19
38 3005 Arif 01912343004 172.80 17.28 7.78 163.30 2026-08-09
39 3005 Arif 01912343004 207.00 20.70 9.32 195.62 2026-07-18
40 3005 Arif 01912343004 56.80 5.68 2.56 53.68 2026-07-08
41 3005 Arif 01912343004 173.90 17.39 7.83 164.34 2026-08-25
42 3006 Jolly 01912343005 36.90 3.69 1.66 34.87 2026-07-05
43 3006 Jolly 01912343005 222.30 22.23 10.00 210.07 2026-08-25
44 3006 Jolly 01912343005 101.00 10.10 4.55 95.44 2026-07-10
45 3006 Jolly 01912343005 127.40 12.74 5.73 120.39 2026-07-02
46 3006 Jolly 01912343005 292.50 29.25 13.16 276.41 2026-08-08
47 3006 Jolly 01912343005 261.20 26.12 11.75 246.83 2026-07-18
48 3006 Jolly 01912343005 18.60 1.86 0.84 17.58 2026-07-13
49 3007 Shakil 01912343006 280.20 28.02 12.61 264.79 2026-07-05
50 3007 Shakil 01912343006 291.00 29.10 13.09 274.99 2026-08-28
51 3007 Shakil 01912343006 74.30 7.43 3.34 70.21 2026-07-21
52 3007 Shakil 01912343006 130.90 13.09 5.89 123.70 2026-08-13
53 3007 Shakil 01912343006 162.30 16.23 7.30 153.37 2026-07-27
54 3007 Shakil 01912343006 267.20 26.72 12.02 252.50 2026-07-09
55 3007 Shakil 01912343006 18.90 1.89 0.85 17.86 2026-07-14
56 3008 Rumi 01912343007 140.80 14.08 6.34 133.06 2026-07-25
57 3008 Rumi 01912343007 239.40 23.94 10.77 226.23 2026-07-08
58 3008 Rumi 01912343007 194.70 19.47 8.76 183.99 2026-08-13
59 3008 Rumi 01912343007 275.10 27.51 12.38 259.97 2026-08-05
60 3008 Rumi 01912343007 151.80 15.18 6.83 143.45 2026-07-13
61 3008 Rumi 01912343007 87.30 8.73 3.93 82.50 2026-08-12
62 3008 Rumi 01912343007 94.90 9.49 4.27 89.68 2026-08-13
63 3008 Rumi 01912343007 144.60 14.46 6.51 136.65 2026-08-10
64 3009 Taskin 01912343008 254.00 25.40 11.43 240.03 2026-07-11
65 3009 Taskin 01912343008 377.10 37.71 16.97 356.36 2026-07-14
66 3009 Taskin 01912343008 327.30 32.73 14.73 309.30 2026-08-05
67 3009 Taskin 01912343008 32.40 3.24 1.46 30.62 2026-08-02
68 3009 Taskin 01912343008 123.60 12.36 5.56 116.80 2026-07-27
69 3009 Taskin 01912343008 127.40 12.74 5.73 120.39 2026-08-01
70 3009 Taskin 01912343008 151.40 15.14 6.81 143.07 2026-07-28
71 3009 Taskin 01912343008 168.90 16.89 7.60 159.61 2026-08-24
72 3009 Taskin 01912343008 276.40 27.64 12.44 261.20 2026-08-17
73 3009 Taskin 01912343008 207.30 20.73 9.33 195.90 2026-07-17
74 3010 Keya 01912343009 243.20 24.32 10.94 229.82 2026-08-02
75 3010 Keya 01912343009 107.00 10.70 4.82 101.12 2026-08-23
76 3010 Keya 01912343009 28.40 2.84 1.28 26.84 2026-08-05
77 3010 Keya 01912343009 3.10 0.31 0.14 2.93 2026-07-28
78 3010 Keya 01912343009 69.60 6.96 3.13 65.77 2026-07-02
79 3010 Keya 01912343009 48.20 4.82 2.17 45.55 2026-08-09
80 3010 Keya 01912343009 172.10 17.21 7.74 162.63 2026-07-03
