1 2001 Kabir 01812342000 36.50 3.65 1.64 34.49 2026-07-08
2 2001 Kabir 01812342000 21.00 2.10 0.94 19.84 2026-08-13
3 2001 Kabir 01812342000 189.80 18.98 8.54 179.36 2026-08-23
4 2001 Kabir 01812342000 69.90 6.99 3.15 66.06 2026-08-03
5 2001 Kabir 01812342000 95.70 9.57 4.31 90.44 2026-08-01
6 2001 Kabir 01812342000 316.60 31.66 14.25 299.19 2026-07-06
7 2001 Kabir 01812342000 183.30 18.33 8.25 173.22 2026-07-03
8 2001 Kabir 01812342000 318.60 31.86 14.34 301.08 2026-07-03
9 2001 Kabir 01812342000 288.70 28.87 12.99 272.82 2026-07-24
10 2001 Kabir 01812342000 202.00 20.20 9.09 190.89 2026-07-13
11 2002 Karim 01812342001 147.20 14.72 6.62 139.10 2026-08-28
12 2002 Karim 01812342001 248.00 24.80 11.16 234.36 2026-07-03
13 2002 Karim 01812342001 414.00 41.40 18.63 391.23 2026-08-09
14 2002 Karim 01812342001 89.90 8.99 4.05 84.96 2026-08-28
15 2002 Karim 01812342001 2.50 0.25 0.11 2.36 2026-07-10
16 2002 Karim 01812342001 58.20 5.82 2.62 55.00 2026-08-27
17 2002 Karim 01812342001 136.10 13.61 6.12 128.61 2026-08-08
18 2003 Asha 01812342002 20.70 2.07 0.93 19.56 2026-08-24
19 2003 Asha 01812342002 189.90 18.99 8.55 179.46 2026-08-24
20 2003 Asha 01812342002 185.50 18.55 8.35 175.30 2026-07-22
21 2003 Asha 01812342002 347.80 34.78 15.65 328.67 2026-07-04
22 2003 Asha 01812342002 363.20 36.32 16.34 343.22 2026-07-25
23 2003 Asha 01812342002 33.60 3.36 1.51 31.75 2026-08-16
24 2003 Asha 01812342002 36.50 3.65 1.64 34.49 2026-08-16
25 2004 Sadia 01812342003 90.10 9.01 4.05 85.14 2026-07-16
26 2004 Sadia 01812342003 191.40 19.14 8.61 180.87 2026-07-07
27 2004 Sadia 01812342003 164.60 16.46 7.41 155.55 2026-07-26
28 2004 Sadia 01812342003 361.70 36.17 16.28 341.81 2026-08-01
29 2004 Sadia 01812342003 82.90 8.29 3.73 78.34 2026-07-12
30 2004 Sadia 01812342003 84.60 8.46 3.81 79.95 2026-08-17
31 2004 Sadia 01812342003 191.80 19.18 8.63 181.25 2026-08-08
32 2004 Sadia 01812342003 11.20 1.12 0.50 10.58 2026-07-07
33 2005 Jamil 01812342004 126.60 12.66 5.70 119.64 2026-07-10
34 2005 Jamil 01812342004 266.30 26.63 11.98 251.65 2026-08-09
35 2005 Jamil 01812342004 195.80 19.58 8.81 185.03 2026-07-09
36 2005 Jamil 01812342004 71.80 7.18 3.23 67.85 2026-08-06
37 2005 Jamil 01812342004 202.50 20.25 9.11 191.36 2026-08-14
38 2005 Jamil 01812342004 218.20 21.82 9.82 206.20 2026-07-04
39 2005 Jamil 01812342004 262.90 26.29 11.83 248.44 2026-08-16
40 2005 Jamil 01812342004 132.20 13.22 5.95 124.93 2026-08-12
41 2006 Hasan 01812342005 152.50 15.25 6.86 144.11 2026-07-19
42 2006 Hasan 01812342005 192.10 19.21 8.64 181.53 2026-08-07
43 2006 Hasan 01812342005 35.00 3.50 1.58 33.08 2026-08-16
44 2006 Hasan 01812342005 323.40 32.34 14.55 305.61 2026-07-18
45 2006 Hasan 01812342005 79.40 7.94 3.57 75.03 2026-07-28
46 2006 Hasan 01812342005 114.20 11.42 5.14 107.92 2026-07-01
47 2006 Hasan 01812342005 52.80 5.28 2.38 49.90 2026-08-13
48 2006 Hasan 01812342005 164.80 16.48 7.42 155.74 2026-07-24
49 2006 Hasan 01812342005 327.80 32.78 14.75 309.77 2026-07-04
50 2007 Rony 01812342006 147.40 14.74 6.63 139.29 2026-07-02
51 2007 Rony 01812342006 90.30 9.03 4.06 85.33 2026-08-09
52 2007 Rony 01812342006 197.40 19.74 8.88 186.54 2026-07-06
53 2007 Rony 01812342006 102.90 10.29 4.63 97.24 2026-08-11
54 2007 Rony 01812342006 10.50 1.05 0.47 9.92 2026-07-15
55 2007 Rony 01812342006 161.10 16.11 7.25 152.24 2026-08-28
56 2007 Rony 01812342006 39.00 3.90 1.75 36.85 2026-07-25
57 2008 Lily 01812342007 48.40 4.84 2.18 45.74 2026-08-16
58 2008 Lily 01812342007 95.20 9.52 4.28 89.96 2026-07-06
59 2008 Lily 01812342007 26.00 2.60 1.17 24.57 2026-08-13
60 2008 Lily 01812342007 29.00 2.90 1.31 27.41 2026-08-03
61 2008 Lily 01812342007 182.20 18.22 8.20 172.18 2026-07-27
62 2008 Lily 01812342007 104.20 10.42 4.69 98.47 2026-07-05
63 2008 Lily 01812342007 4.20 0.42 0.19 3.97 2026-07-18
64 2008 Lily 01812342007 44.70 4.47 2.01 42.24 2026-07-17
65 2008 Lily 01812342007 141.20 14.12 6.35 133.43 2026-07-10
66 2009 Jenny 01812342008 37.60 3.76 1.69 35.53 2026-08-05
67 2009 Jenny 01812342008 22.60 2.26 1.02 21.36 2026-08-18
68 2009 Jenny 01812342008 185.00 18.50 8.32 174.82 2026-07-04
69 2009 Jenny 01812342008 118.90 11.89 5.35 112.36 2026-07-05
70 2009 Jenny 01812342008 29.40 2.94 1.32 27.78 2026-08-21
71 2009 Jenny 01812342008 99.40 9.94 4.47 93.93 2026-07-26
72 2009 Jenny 01812342008 85.00 8.50 3.83 80.32 2026-07-04
73 2009 Jenny 01812342008 201.50 20.15 9.07 190.42 2026-08-27
74 2009 Jenny 01812342008 203.80 20.38 9.17 192.59 2026-08-26
75 2009 Jenny 01812342008 136.20 13.62 6.13 128.71 2026-07-07
76 2010 Tom 01812342009 261.80 26.18 11.78 247.40 2026-08-18
77 2010 Tom 01812342009 127.70 12.77 5.75 120.68 2026-08-03
78 2010 Tom 01812342009 110.10 11.01 4.95 104.04 2026-07-09
79 2010 Tom 01812342009 440.30 44.03 19.81 416.08 2026-08-27
80 2010 Tom 01812342009 225.60 22.56 10.15 213.19 2026-08-27
81 2010 Tom 01812342009 121.60 12.16 5.47 114.91 2026-07-24
82 2010 Tom 01812342009 25.80 2.58 1.16 24.38 2026-07-13
