1 1001 tamim 01303299098 88.00 8.80 3.96 83.16 2026-08-19
2 1001 tamim 01303299098 65.80 6.58 2.96 62.18 2026-07-16
3 1001 tamim 01303299098 18.00 1.80 0.81 17.01 2026-07-04
4 1001 tamim 01303299098 14.00 1.40 0.63 13.23 2026-07-20
5 1001 tamim 01303299098 52.50 5.25 2.36 49.61 2026-08-23
6 1001 tamim 01303299098 19.60 1.96 0.88 18.52 2026-07-20
7 1001 tamim 01303299098 8.00 0.80 0.36 7.56 2026-07-15
8 1001 tamim 01303299098 140.00 14.00 6.30 132.30 2026-08-20
9 1001 tamim 01303299098 27.00 2.70 1.21 25.51 2026-08-21
10 1002 konok 01723345666 205.00 20.50 9.23 193.73 2026-08-09
11 1002 konok 01723345666 74.00 7.40 3.33 69.93 2026-08-19
12 1002 konok 01723345666 51.00 5.10 2.30 48.19 2026-08-16
13 1002 konok 01723345666 48.00 4.80 2.16 45.36 2026-07-13
14 1002 konok 01723345666 38.00 3.80 1.71 35.91 2026-07-07
15 1002 konok 01723345666 42.20 4.22 1.90 39.88 2026-08-08
16 1002 konok 01723345666 131.40 13.14 5.91 124.17 2026-07-14
17 1002 konok 01723345666 48.00 4.80 2.16 45.36 2026-08-26
18 1003 Abir 01309876542 132.50 13.25 5.96 125.21 2026-07-17
19 1003 Abir 01309876542 55.00 5.50 2.47 51.97 2026-07-11
20 1003 Abir 01309876542 15.00 1.50 0.68 14.18 2026-08-23
21 1003 Abir 01309876542 231.00 23.10 10.39 218.29 2026-07-21
22 1003 Abir 01309876542 83.00 8.30 3.73 78.43 2026-08-21
23 1003 Abir 01309876542 24.00 2.40 1.08 22.68 2026-07-12
24 1003 Abir 01309876542 103.00 10.30 4.63 97.33 2026-07-09
25 1003 Abir 01309876542 24.00 2.40 1.08 22.68 2026-08-11
26 1003 Abir 01309876542 12.50 1.25 0.56 11.81 2026-07-01
27 1003 Abir 01309876542 30.00 3.00 1.35 28.35 2026-08-25
28 1004 Diya 01972587603 78.00 7.80 3.51 73.71 2026-07-04
29 1004 Diya 01972587603 14.00 1.40 0.63 13.23 2026-08-06
30 1004 Diya 01972587603 69.00 6.90 3.11 65.21 2026-07-16
31 1004 Diya 01972587603 26.00 2.60 1.17 24.57 2026-07-13
32 1004 Diya 01972587603 50.00 5.00 2.25 47.25 2026-07-09
33 1004 Diya 01972587603 198.00 19.80 8.91 187.11 2026-08-27
34 1004 Diya 01972587603 114.00 11.40 5.13 107.73 2026-07-12
35 1004 Diya 01972587603 53.00 5.30 2.38 50.08 2026-07-04
36 1005 Rohan 01712341004 32.00 3.20 1.44 30.24 2026-07-25
37 1005 Rohan 01712341004 50.00 5.00 2.25 47.25 2026-08-07
38 1005 Rohan 01712341004 34.50 3.45 1.55 32.60 2026-07-22
39 1005 Rohan 01712341004 25.50 2.55 1.15 24.10 2026-08-23
40 1005 Rohan 01712341004 48.00 4.80 2.16 45.36 2026-07-19
41 1005 Rohan 01712341004 21.00 2.10 0.94 19.84 2026-08-02
42 1005 Rohan 01712341004 36.00 3.60 1.62 34.02 2026-07-01
43 1006 Rahim 01712341005 54.00 5.40 2.43 51.03 2026-08-28
44 1006 Rahim 01712341005 44.00 4.40 1.98 41.58 2026-08-25
45 1006 Rahim 01712341005 27.00 2.70 1.21 25.51 2026-08-01
46 1006 Rahim 01712341005 57.00 5.70 2.57 53.86 2026-08-04
47 1006 Rahim 01712341005 24.00 2.40 1.08 22.68 2026-07-18
48 1006 Rahim 01712341005 68.00 6.80 3.06 64.26 2026-08-25
49 1006 Rahim 01712341005 51.00 5.10 2.30 48.19 2026-08-07
50 1006 Rahim 01712341005 269.00 26.90 12.11 254.21 2026-08-09
51 1006 Rahim 01712341005 99.00 9.90 4.45 93.56 2026-08-12
52 1006 Rahim 01712341005 41.00 4.10 1.85 38.75 2026-07-23
53 1007 Mou 01712341006 77.00 7.70 3.47 72.76 2026-08-18
54 1007 Mou 01712341006 112.00 11.20 5.04 105.84 2026-07-01
55 1007 Mou 01712341006 97.80 9.78 4.40 92.42 2026-08-18
56 1007 Mou 01712341006 36.00 3.60 1.62 34.02 2026-07-06
57 1007 Mou 01712341006 87.00 8.70 3.92 82.22 2026-07-08
58 1007 Mou 01712341006 14.00 1.40 0.63 13.23 2026-07-20
59 1007 Mou 01712341006 34.00 3.40 1.53 32.13 2026-07-16
60 1007 Mou 01712341006 34.20 3.42 1.54 32.32 2026-07-14
61 1007 Mou 01712341006 48.00 4.80 2.16 45.36 2026-08-26
62 1007 Mou 01712341006 3.60 0.36 0.16 3.40 2026-07-06
63 1008 Siyam 01712341007 56.00 5.60 2.52 52.92 2026-08-11
64 1008 Siyam 01712341007 35.00 3.50 1.58 33.08 2026-08-13
65 1008 Siyam 01712341007 97.00 9.70 4.37 91.67 2026-07-08
66 1008 Siyam 01712341007 47.60 4.76 2.14 44.98 2026-07-12
67 1008 Siyam 01712341007 42.00 4.20 1.89 39.69 2026-07-23
68 1008 Siyam 01712341007 4.00 0.40 0.18 3.78 2026-07-26
69 1008 Siyam 01712341007 7.50 0.75 0.34 7.09 2026-08-24
70 1008 Siyam 01712341007 9.00 0.90 0.41 8.51 2026-08-21
71 1008 Siyam 01712341007 136.00 13.60 6.12 128.52 2026-07-26
72 1008 Siyam 01712341007 53.00 5.30 2.38 50.08 2026-08-05
73 1009 Fahim 01712341008 10.00 1.00 0.45 9.45 2026-08-01
74 1009 Fahim 01712341008 11.00 1.10 0.49 10.39 2026-07-12
75 1009 Fahim 01712341008 53.00 5.30 2.38 50.08 2026-07-14
76 1009 Fahim 01712341008 75.00 7.50 3.38 70.88 2026-07-20
77 1009 Fahim 01712341008 31.00 3.10 1.39 29.30 2026-08-23
78 1009 Fahim 01712341008 16.00 1.60 0.72 15.12 2026-08-26
79 1009 Fahim 01712341008 7.00 0.70 0.31 6.62 2026-07-16
80 1009 Fahim 01712341008 86.50 8.65 3.89 81.74 2026-08-14
81 1009 Fahim 01712341008 21.00 2.10 0.94 19.84 2026-08-19
82 1010 Mim 01712341009 95.00 9.50 4.28 89.78 2026-07-14
83 1010 Mim 01712341009 70.00 7.00 3.15 66.15 2026-08-07
84 1010 Mim 01712341009 32.00 3.20 1.44 30.24 2026-07-27
85 1010 Mim 01712341009 45.00 4.50 2.03 42.53 2026-07-27
86 1010 Mim 01712341009 5.00 0.50 0.22 4.72 2026-08-20
87 1010 Mim 01712341009 165.40 16.54 7.44 156.30 2026-08-19
88 1010 Mim 01712341009 15.00 1.50 0.68 14.18 2026-08-13
89 1010 Mim 01712341009 28.00 2.80 1.26 26.46 2026-08-19
90 1010 Mim 01712341009 213.00 21.30 9.59 201.29 2026-07-20
91 1010 Mim 01712341009 36.00 3.60 1.62 34.02 2026-08-02
92 1001 tamim 01303299098 120.00 12.00 5.40 113.40 35.00 2026-08-16
93 1002 konok 01723345666 80.00 8.00 3.60 75.60 22.00 2026-08-16
94 1005 Rohan 01712341004 50.00 5.00 2.25 47.25 15.00 2026-08-16
93 1001 tamim 01303299098 82.00 8.20 3.69 77.49 35.80 2026-08-17
